Tempo_ms,Lambda,Corr.Sonda,RPM,MAP,TPS,CLT,IAT,P.Oleo,P.Comb,Avanco,Pulso,Bateria
15663,0.99,100,2771,16,63.5,54,75,3.4,4.1,28,1.539,12.90
15713,0.99,100,2777,16,63.5,54,75,3.4,4.1,28,1.539,12.90
15762,0.99,100,2770,16,63.5,54,75,3.4,4.1,28,1.539,12.90
15812,0.99,100,2770,16,63.5,54,75,3.4,4.1,28,1.539,12.90
15861,0.99,100,2770,16,63.5,54,75,3.4,4.1,28,1.539,12.90
15910,0.99,100,2770,16,63.5,54,75,3.4,4.1,28,1.539,12.90
15958,0.99,100,2770,16,63.5,54,75,3.4,4.1,28,1.539,12.90
16007,0.99,100,2770,16,63.5,54,75,3.4,4.1,28,1.539,12.90
16035,0.99,100,2770,16,63.5,54,75,3.4,4.1,28,1.539,12.90
16063,0.99,100,2770,16,63.5,54,75,3.4,4.1,28,1.539,12.90
16089,0.99,100,2770,16,63.5,54,75,3.4,4.1,28,1.539,12.90
16121,0.99,100,2770,16,63.5,54,75,3.4,4.1,28,1.539,12.90
16141,0.99,100,2770,16,63.5,54,75,3.4,4.1,28,1.539,12.90
16168,0.99,100,2770,16,63.5,54,75,3.4,4.1,28,1.539,12.90
16194,0.99,100,2770,16,63.5,54,75,3.4,4.1,28,1.539,12.90
16221,0.99,100,2770,16,63.5,54,75,3.4,4.1,28,1.539,12.90
16254,0.99,100,2770,16,63.5,54,75,3.4,4.1,28,1.539,12.90
16273,0.99,100,2770,16,63.5,54,75,3.4,4.1,28,1.539,12.90
16322,0.99,100,2770,16,63.5,54,75,3.4,4.1,28,1.539,12.90
16370,0.99,100,2770,16,63.5,54,75,3.4,4.1,28,1.539,12.90
16397,0.99,100,2770,16,63.5,54,75,3.4,4.1,28,1.539,12.90
16423,0.99,100,2770,16,63.5,54,75,3.4,4.1,28,1.539,12.90
16450,0.99,100,2770,16,63.5,54,75,3.4,4.1,28,1.539,12.90
16490,0.99,100,2770,16,63.5,54,75,3.4,4.1,28,1.539,12.90
16524,0.99,100,2778,16,63.5,54,75,3.4,4.1,28,1.539,12.90
16551,0.99,100,2778,16,63.5,54,75,3.4,4.1,28,1.539,12.90
16584,0.99,100,2838,16,63.5,54,75,3.4,4.1,28,1.539,12.90
16604,0.99,100,2838,16,63.5,54,75,3.4,4.1,28,1.539,12.90
16675,0.99,100,3195,16,63.5,54,75,3.4,4.1,30,1.539,12.90
16747,0.99,100,3626,16,63.5,54,75,3.4,4.1,30,1.539,12.90
16820,0.99,100,4011,16,63.5,54,75,3.4,4.1,30,1.539,12.90
16892,0.99,100,4261,16,63.5,54,75,3.4,4.1,30,1.539,12.90
16964,0.99,100,4502,16,63.5,54,75,3.4,4.1,30,1.539,12.90
17037,0.99,100,4596,16,63.5,54,75,3.4,4.1,30,1.539,12.90
17095,0.99,100,4597,16,63.5,54,75,3.4,4.1,30,1.539,12.90
17145,0.99,100,4620,16,63.5,54,75,3.4,4.1,30,1.539,12.90
17195,0.99,100,4620,15,63.5,54,75,3.4,4.1,30,1.512,12.90
17267,0.99,100,4625,16,63.5,54,75,3.4,4.1,30,1.539,12.90
17339,0.99,100,4629,16,63.5,54,75,3.4,4.1,30,1.539,12.90
17389,0.99,100,4635,16,63.5,54,75,3.4,4.1,30,1.539,12.90
17438,0.99,100,4620,16,63.5,54,75,3.4,4.1,30,1.539,12.90
17488,0.99,100,4507,16,63.5,54,75,3.4,4.1,30,1.539,12.90
17560,0.99,100,4380,16,63.5,54,75,3.4,4.1,30,1.539,12.90
17610,0.99,100,4129,16,63.5,54,75,3.4,4.1,30,1.539,12.90
17681,0.99,100,3690,16,63.5,54,75,3.4,4.1,30,1.539,12.90
17753,0.99,100,3317,16,63.5,54,75,3.4,4.1,30,1.539,12.90
17825,0.99,100,3051,16,63.5,54,75,3.4,4.1,30,1.539,12.90
17898,0.99,100,2741,16,63.5,54,75,3.4,4.1,27,1.539,12.90
17969,0.99,100,2614,16,63.5,54,75,3.4,4.1,26,1.539,12.90
18040,0.99,100,2382,16,63.5,54,75,3.4,4.1,26,1.539,12.90
18108,0.99,100,2298,16,63.5,54,75,3.4,4.1,26,1.539,12.90
18180,0.99,100,2231,16,63.5,54,75,3.4,4.1,26,1.539,12.90
18251,0.99,100,2203,16,63.5,54,75,3.4,4.1,26,1.539,12.90
18300,0.99,100,2104,16,63.5,54,75,3.4,4.1,26,1.539,12.90
18372,0.99,100,1979,16,63.5,54,75,3.4,4.1,26,1.539,12.90
18443,0.99,100,1890,16,63.5,54,75,3.4,4.1,26,1.539,12.90
18514,0.99,100,1785,16,63.5,54,75,3.4,4.1,26,1.539,12.90
18585,0.99,100,1656,16,63.5,54,75,3.4,4.1,26,1.539,12.90
18657,0.99,100,1516,16,63.5,54,75,3.4,4.1,26,1.539,12.90
18731,0.99,100,1463,16,63.5,54,75,3.4,4.1,24,1.539,12.90
18787,0.99,100,1687,16,63.5,54,75,3.4,4.1,26,1.539,12.90
18859,0.99,100,2068,16,63.5,54,75,3.4,4.1,26,1.539,12.90
18931,0.99,100,2692,16,63.5,54,75,3.4,4.1,27,1.539,12.90
19003,0.99,100,2911,16,63.5,54,75,3.4,4.1,29,1.539,12.90
19074,0.99,100,2911,16,63.5,54,75,3.4,4.1,29,1.539,12.90
19123,0.99,100,2911,16,63.5,54,75,3.4,4.1,29,1.539,12.90
19168,0.99,100,2911,16,63.5,54,75,3.4,4.1,29,1.539,12.90
19217,0.99,100,2911,16,63.5,54,75,3.4,4.1,29,1.539,12.90
19244,0.99,100,2911,16,63.5,54,75,3.4,4.1,29,1.539,12.90
19270,0.99,100,2911,16,63.5,54,75,3.4,4.1,29,1.539,12.90
19297,0.99,100,2911,16,63.5,54,75,3.4,4.1,29,1.539,12.90
19330,0.99,100,2911,16,63.5,54,75,3.4,4.1,29,1.539,12.90
19349,0.99,100,2911,16,63.5,54,75,3.4,4.1,29,1.539,12.90
19397,0.99,100,2911,16,63.5,54,75,3.4,4.1,29,1.539,12.90
19447,0.99,100,2911,15,63.5,54,75,3.4,4.1,29,1.512,12.90
19518,0.99,100,2911,16,63.5,54,75,3.4,4.1,29,1.539,12.90
19589,0.99,100,2911,16,63.5,54,75,3.4,4.1,29,1.539,12.90
19615,0.99,100,2911,16,63.5,54,75,3.4,4.1,29,1.539,12.90
19644,0.99,100,2911,16,63.5,54,75,3.4,4.1,29,1.539,12.90
19678,0.99,100,2911,16,63.5,54,75,3.4,4.1,29,1.539,12.90
19740,0.99,100,2911,16,63.5,54,75,3.4,4.1,29,1.539,12.90
19788,0.99,100,2911,16,63.5,54,75,3.4,4.1,29,1.539,12.90
19837,0.99,100,2911,16,63.5,54,75,3.4,4.1,29,1.539,12.90
19886,0.99,100,2911,16,63.5,54,75,3.4,4.1,29,1.539,12.90
19935,0.99,100,2911,16,63.5,54,75,3.4,4.1,29,1.539,12.90
19984,0.99,100,2911,16,63.5,54,75,3.4,4.1,29,1.539,12.90
20032,0.99,100,2911,16,63.5,54,75,3.4,4.1,29,1.539,12.90
20059,0.99,100,2911,16,63.5,54,75,3.4,4.1,29,1.539,12.90
20085,0.99,100,2911,16,63.5,54,75,3.4,4.1,29,1.539,12.90
20112,0.99,100,2911,16,63.5,54,75,3.4,4.1,29,1.539,12.90
20145,0.99,100,2911,16,63.5,54,75,3.4,4.1,29,1.539,12.90
20164,0.99,100,2911,16,63.5,54,75,3.4,4.1,29,1.539,12.90
20205,0.99,100,2911,16,63.5,54,75,3.4,4.1,29,1.539,12.90
20254,0.99,100,2911,16,63.5,54,75,3.4,4.1,29,1.539,12.90
20302,0.99,100,2911,16,63.5,54,75,3.4,4.1,29,1.539,12.90
20356,0.99,100,2911,16,63.5,54,75,3.4,4.1,29,1.539,12.90
